UNTERSUCHL'NGEN UBER DAS DOPPELSTERNSYSTEM 01 Cmm. 49

Plane Stern X Y ι 93 Ν y B e m e 1· k u n g e 11

50 c 4422019 5¹·‚3015 401⁴,8048 —9¹',4326
2010 3786 8652 4329

 

 

 

 

 

1984 5236 6647 4331
1969 5950 3643 4337
71 466364 126071 ἶ453013 419270
6374 6643 3016 9272
6346 130300 30094 9269
6343 1013 3017 9274
51 611 43 3674 14„4815
3077 5773
3078 0708
3008 7491
01² 43A447 14„4270 4150773 4110545
4452 5227 0775 0546
4446 6179 0766 0529
4433 6956 0765 0533
(7 333122 143272 -96552 400543 ⁷
7124 4230 6553 1543
7126 5175 6550 1533
7109 5950 6559 1541
5 41,6697 24,5711 -1,4977 41110696
6713 6675 4964 0902
6703 7620 4975 0912
6704 6397 4964 0900
c 442217 50453 406543 -94362
22171 1406 8540 4367
2223 2353 6545 4355
2214 3118 8540 4373
a 48ss061 12,5480 †5‚2987 -1„9335
6671 6450 2994 9323
6672 7361 2994 9327
6661 8148 2993 9343

52 61, 43,2606 13,96644

2632 144352
2634 2092
2653 2760

 

(312 43,3556 13,9110 ÷0,0750 —0‚0574

 

 

 

 

 

 

3582 l4,0780 0750 0572
3584 1514 0750 0578
3004 ‘2181 0751 0579Ὶ
Nova Acta Rog. Soc. Se. Ups.¹ Sor. IV: Vol. 1. Impr. ²⁵18 1905. 7

 

