 

I³latte

12

43

44

45

47

19

50

 

Ηωγη

 

(⁰)s'rEN BERGSTRAND,

4110000866
- 110684
- 14539
4 7613
4 6046ὖ

4110000670
4 110661
- 14545
4 7604
4 60461

4110000869
m 110696
4 14549
4 7602
4 60455

4 OssOOOSGO
4 110703
- 14566
4 7596
4 60442

4 QOOOOSTO
- 110731

14609
÷ 755ss
† 60112

4110000867
j 110756
4 14005
4 7950
4 60401

1100003701

*4⁷

4 110813
4 14671
4 7477
4 60329

,4110000864
- 110825
4 14677
4 7471
4 00328
4110000874

110820

 

Ε.Β.

0
4 159
>>

4-165

4 169

>>

 

400000637
4 742
4 116257
-4 108385
4 23411

4(10000635
4 737
4 116248
4 108394
- 23414

00000629
745
116263
108386
23409

11111

-110000635
734
116250
108398
23421

11-1-1-

(10000632
732
116239
103107
23432

11-1-1-1

110000633
717
116219
106413
23412

11-1-11

ἡ00000633
4 660
4 116188
4 108166
—r 23439

00000640
655
116170
108468
23496

11441

4110000637
4 654

 

.Ε.Β
4 7
4 127
»
5
ἵ)
4 8
4 132
>>
»
7>
4 8
4 135
>>
J)
»
4 9
4 146
>>
4 10
4 165
>
>>
>>
4 10
4 171
>>
)>
4 12
4 209
»
>>
>>
4 12
4 212
>>
>>
»
4 12
212

 

