80

(mmm BERGSTRAND,

 

 

Plane

16
17
18
19
20
21
22
23
24
25
26
27
28
29
30
31
32
33
34
35
36
37
38
39
40
41
42
43
44
45
46
47
48
49
50
51

ι υ

 

53

 

(312 Cygni

† 0,0(›00875
872
870
868
869
868
868
869
872
866
871
866
873
870
872
870
867
871
866
865
866
868
873
870
876
868
866
870
869
869
876
867
870
864
874
870
870
869

 

Stern a

- 0,011o516
510
519
528
537
550
549
547
546
522
529
523
520

V 519
513
523
553
550
551
555
553
554
552
527
525
522
525
526
527
520
525
54⁵2
552
560
555
550
535
535

 

Sleru b

 

ff 0,0014371
374
373
382
399
403
404
403
406
380
388
378
370·
379
381
382
412
410
411
410
414
406
405
387
379
378
380
380
380
3823
403
391
410
41⁴2
410
410
396
392

 

stem c

1 00007786
782
785
773
751
751
743
746
751
776
765
777
777
783
783
771
737
739
742
738
737
744
748
769
775
769
772
769
771
779
762
764
738
736
742
743
756
760

Stern (Ζ

÷ 070080031

 

626
629
618
605
600
602
602
602
624
630
625
623
624
634
623
598
590
595
592
589
593
601
620
619
624
624
626
624
625

 

620
615
590·
593
596 1 ι
596

611
615

 

