 

UNTERSUCHUNGEN UBER DAS DOPPELSTERNsx'sTEM 61 CYGNI. 81

Plane

ο-ι--ι-ιι-ιι-ιι-ιι-ιι-ιι-ιμ
Φωὴῦθῑιῢωωμῦφωκὶῶΰὶῥωίὒῌ

20

s

ὈΜΝ
westa—

υῦωωὺέωίῦίθωίὺω
ωῐῦν-Οίῦαὶκῖσδῧῑρυ

ωωω·
moun*

mmm·
(303κὶ

Ξ

41
42

 

612 Cygni

— 0‚0000630
628
639
638
632
632
636
632
633
631
627
637 ὲ
636 ⁴
634
630
637
634
626
627 1
627 ,
632
629 ’
631
626 1
638
636 =
633
637 ²
631
626 ,
626
632
629
627 ,
627
626
630
630
626
630
630

 

630

Tab. 8.

vJ-Koordinaten 1902,st

Stern a

ψ 00000863
870
871
881
885
892
891
894
881
871
873
860
859
871
872
874
972
889

696 “
666 “

877
876
867
870
856

863 Ἰ

865
874

874 ¹

880
891
876
878
875
873

671 ³
869,

872
865
862
862
869

 

Stern b

÷ 0,0116377
381
394
391
396
390
369
395
390
362
361
370
369
365
394
364
399
397
396
407
367
393
366
369
374
373
360
391
366
369
401
390
394
392
369
366

383 ‘

383
375
378
37ss
384

 

Stern c

— 0‚0108260
261
262
254
246
244
246
247
252
266
263
270
276
256
250
261
259
244
242
257
255
251
257
254
272
269
264
257
260
260
246
252
256

257

257 ’

‘2133 1

204
256

271 ‘
271 .
270i
259 ’

Nova Acta Reg. Son. Se. Upsq Ser. IV: Vol. 1. Ilupr. ²²9 1005.

 

Stern d

Η 00023301
291
269
274 =
263
276 1
260 ’
270
275
266
266
292
299
267
265
263
261
270
263
265
276
276
266
279
300
294
291
260
267
261
265
275
272
279
260
263
265 ,
265
292 ³
294
289 1
264 .

11

 

