UNTERSUCHENGEN UBER ΒΑΕ DOPPELSTERNSYSTEM 61 Cmm. 43

Platte Stern X Y cc y B e m e r k u n g e n

40 c 44f‚3028 41',8727 ÷028⁶59 Πν9”,4280
3015 9340 8656 4273

 

3006 - 8656 .- Y-Strich sffirend. Y nicht messhar.
2995 5,0618 8651 4283
(ί 48,7503 12,3730 †5‚3134 μ1,9“277
7481 4338 3122 9275
7476 4973 3126 9267
7466 5630 3122 9271
41 (31l 43‚4042 14,6766
4039 7429·
4009 8123
4002 8835
Ι 612 43,4812 14,6228 ÷0,0770 -0,0538
4806 6890 0767 0539
4777 7585 0768 0538
4768 8296 0766 0539

(ι 33,7599 14,5323 ᾖ9,6443 -0,1443
7594 5977 6445 1452

7570 6673 6439 1450
7556 7377 6446 1458
b 41,9179 24,7767 -1,4863 4101001
9174 8434 4865 1005
9153 9119 4856 0996
9137 9829 4865 0994
c 44,2726 5,2475 408684 49,4291
2718 3142 8679 4287
2685 3833 8676 4290
2679 4544 8677 4291
d 48‚7168 12,7509 ÷5‚3126 Ν1,9257
7159 8172 3120 9257
7131 8866 3122 9257
7119 9578 3117 9257

42 61, 43‚4478 14,7150,
{1133 ἓξὲξ
4410 9376

612 43,5239 14,6611 ÷0‚O761 -O‚0539
5216 7405 0762 0540
5208 8104 0769 0534
5186 8836 0776 0540

 

 

 

 

 

 

 

 

 

 

 

