 

 

 

 

 

 

 

12 OSTEN BERGSTRAND,
1
0 mm nnn s h m s
10 1000, Mai 17 ÷ 4,2 7450 330 40 151356
» 35 20 23
35 21 53
30 23 21
11 1000, Ma117 4 4,1 745,0 330 40 162056
» 40 22 26
»Δ 40 2416
05 26 53
12 1000, Mai 19 ÷ 0,4 743,6 300 40 162346
» 40 2516
35 26 43
05 23 53
13 1000, Aug. 11 ÷ 6,0 7603 203Ὶ 60 222721
» 45 31 14
45 32 53,
50 34 405
14 1000, Aug. 20 414,5’ 7615 ἵ 200 ’ 45 1023 53
³> ἶ 35 30 35 ’
35 3213
25 33 30
15 1000, Okt. 12 14 5,5’ 751,1 20οῙ 50 22 5 0,
40 7 41
45 1317,
35 21 32 ξ
16 1000, Nov. 2 0,0 7747 200 45 23 312}
» 45 512,
35 7 7ζ
35 3 7;
17 1000, Nov. 12 ’ 4 2,4 7550 200 35 ,232414ῇ
¹ 30 2541
25 26 331
30 2311
13 1000, Dez. 10 3-4 33 7407 200 , 40 23 46571
>> 35 47 50
30 4352
25 5150
10 1001, Jan. 23 ἶ4 1,6 7540 200 45 210 3³
» 40 20 0
35 20 53,
30 24 55,

 

 

 

 

 

Beruerkungen

 

{Plane von Herrn Prot:
Duum exponiert.

Bilder etwas unrullig. e

Κ Starker wind, Bilder un· ¹
ruhig.

 

