 

 

ΙΨ
m

1’h111e

 

Sfflm¹

οη

012

(I

h

tl

oh

012

 

X'

114Ἇο1024Ὶ

6099
6079
0001

400027
0001
48,0002
9977

430242
0234
0200
0220

43Πο24
7007
6081
0070

300322
0200
0277
0270

42Αο86
1064
1047
1045

4420172
0153
0120
0120

4100000
430007
0077
9074

435145
5126
5110
5101

43ᾧ917
5896
5880
5873

 

 

03ΤΕΝ ΒΕΒαεΤΒΑΝΒ,

Y

4ss7824,
8524
0152

9034

123145
33401
4473
40551

140017
2100
2000
3130

14Α111
1071
21554
2024

130357
1401423
0003
1370

242025
3404
3000
4433

&7838
8408
8885
9357

12,3200’
3771
4245
4712

140203
1047
2551
3130

1401754
1431

 

 

2033
20150

,Β

4020848'

9850

0844,

9851

÷553751
3752
3757
3707

÷140782
0773
0775
0750

-ἷὴῦΩἘΟ
5935
5929
5950

ᾗ1,5150
5170
5159
5175

11Q9930
9919
9920
0900

45,3704
3703
3771
3754

4100772
0770
0770
0772

 

 

 

7!

†923781
3785
3784
3788

-1Ἳ3400’
8400
3403
8407

—Qffiffls
0510
0511
0512

--Ο,1700
1702
1703
1700

4101303
1304
1303
1302

*ψο3770
3732
3731
3770

ἥ1,3411
3410
3421
3424

μ00511
Οῦυν

 

0513
0515

 

Bemerkungen

[3111101101] vom x-Strich durchsclmiuen,

Xfiststhsmmnd

 

