 

1³1atte

² 8

9

10

11

13

11

15

16

 

 

08ΤΕΝ 131211118ΤΒΑΝῙ),

ξ

1 (),Ο()00809
110135’
— 13994
1 8105
1 61010

1(10000863
1ν 110202
*⁷ 14058
1 8111
1 60943
1110000866
- 110223
1 14083
1 8071
1 60922

1 00000868
- 110223
— 14076
1 8084
1 60926

1110000808
- 110233
- 11079
1 8000
1 00010

1110000873
- 110250
- 14108
1 8053
÷ 00895

1110000807
- 110200
j 14117
1 8011
1 00800

1110000869
- 110272
- 14133
1 8024
1 60874

1110000875
110288ι

 

ELB.
0

⁷ 381

0
- 340

>>

O

1 320 ι

 

η

11ῂο000614

1 1105
1 116700

107042
- 22965

(10000617
1157
116566
107976
22999

; 1 1 1 1

(10000010
1127
110038
108010

1 23030

ι 1 1

- 00000012
1 1129
1 116637
- 108007
fl 23032

- 00000022

1115
110025
108015
23037

Ι ὶ 4 4

‹10000023
1077
116587
108058
23081

1 Ι 1 4 1

(10000021

116600
108041
23072

11-1-1-[

(10000010
1004
110580
108058
23093

ι Ι 1 1 1

1110000020
· 1050

1086 ’

 

Ελὶί

ff 18
υ 305

>>

— 16

fi 276

>>

256

>>

— 256

>>

- 15

-255

>>

- 13
-4218

 

