62

 

:3 4

35

30

37

38

39

40

 

(l

,ι’ (unkorr.)

115143
1 (111000

1 55245

1 00773
f 110358
1 1,·5200
1 09168

1 55255

1010709
1015300
-11,5329
-1- 09229
1 53272

100708
106379
11,5334
1 09211
1 53261

100770
1110370
115530
100300
1 03203

1 00771
106379
115218
109105
1 5,·3235

100775
1116376
115318
109203
153262

1 00774
1015420
115483
109305
1 573273

100775
1 100425
104702
* 108050
1 ÷5,312‹;

 

(JSTEN BERczs'rRANm

 

lzor'r. y (ullkol'r.)
μ111 11011017
110 1 (umbe.)
1 211 1,8971
-ν 00531
141 ’ (11838
21 1 100995
1 18 1 04148
120 — 1,8907
1 00528
38 1 01892
17 1 100989
1 14 1 04145
1 23 1 1,8885
1 00529
40 1 01904
20 1 100981
1 17 1 04158
1 25 1 ’1,8895
1 00527
1 38 1 02085
117 1100947
114 1 04144
1 23 1 1,8799
1 00532
139 1 01797
118 1100988
115 1 04175
1 24 1 18965
1 00531
138 1 01888
117 1100975
1 14 1 04101
1 23 1 1,8912
1 00529
1 28 1 02035
1 3 1 100939
1 1 1 04222
115 1 1,8902 1
1 00538
29 1 01382
- 2 1101027
O - 04279 ’
lo· — 1,9273

 

1 50
4-0
17

-11ἷ1
151
147

18

111
146
143
115

1 14
ἶ1 50
1413

111
145
142
115

148

 

non: ,

 

51? (konig.)

1 105162
4011070
153271

11111773
11103110
1 1,ἶ12ι87
109186
153281

100709
100008
1 15140
1011213
1 5,,32115

1 00708
100110
115354
109228
1 55280

100770
1- 110108
-1,5547
1 omma
1 03510

100771
-00118
μ15230
100120
1593250

100775
106414
11,5335
1 011217
1 03285

1 00774
106448
1 151486
109800
103288

 

1 00775
1 9,(’1454
114794
1 08656

¹ 153142

 

, 1 1,9279

ῃ (korrig.)

1 10210117 ’
1141118
⁷ 181188

1 0,,0531
1 0,Ῑὸ2ἶῖ
1 101010
1 04195
1 1,892.“)

» 00528
j 01881
1101035
01188
1 08900

— 00529
1 01800
1101031
1 114201
1 18913

1 00527
1 02074
1100992
— 04186
1 1,8814

1 00532
1 01784
1101036
1 04219
1 1,8981

- 00531
- 01877
1101020
- 04203
- 18027

1 00529
1 02030
1100073
1 04254
1 180011

— 00538
1 01384
1101001

 

- 04311

