 

 

 

(⁰)sz BERGs'rRANn,
Tab. 3.
Plane τυ 9,, R, Rz Ra

gwoeqczw-sxmxeffl

11
12
13
14

16
17
18
19
20
21
ωε)

..ι-ι

23
24
25
26
27
28
29
30
31

32

33
34
35
36
37
38
39
40
41
42
43

 

h m s
ψ 0 1 49
† Ο 36 59
ψ 0 44- 27
ψ 0 39 lsi
ψ 1 919

 

 

 

⁷4- 0,(100286
293
⁰290
288
301
308
361
455
422
505)
427
432
303
289
288
330
327
336
491
441
442
427
410
402
286
318
291
315
311
316
4122
426
428
396
419
393
405
391
292
297
295
297
296
303

 

÷ (),()OOO()O
010
01 Q
01 1
020
021
005
210
143
291

171

1÷÷÷÷÷÷÷

170
027
027
020
042
050
062
246
165
172
150
140
130
011
038

11÷÷÷÷†1÷1ki

004
039
026
036
204
1 41
156
118
148
1 16
131
1 15
008
020
004
01 1
010
019

†÷÷÷÷÷÷111111÷÷÷†1÷÷111

 

ψ 0,000331
339
334
331
344
346
403
546
475
665
494
498
345
336
330
371
365
372
605
505
507
486
461
450
329
358
337
356
356
358
546
477
487
443
474
437
453
434
336
340
342
344
342
348

 

