102

Epoclne

1828,Ίὲ
21756
3066
38,84
3770
32,65
3277
33‚SO
34,ssss
3471
34,76
35,54
35,59
8565
3653ss
81767
37,56
37,59
37,63
37,65
37,7l
37.71
3852
239‚('›9
3975
40,οῡ
4093
44153
41,49
41‚S7
4262
4284
43‚G4
43,S7
4488
45‚S'l
4G‚(J'9
46,71
46,S7
47,84
429ss
4808
4830

 

4050 1

 

p 1911211

890 6‘
89 40
90 1
90 2
90 53
92 0
91 46
92 10
93 ss
92 27
92 54
93 5⁶2
93 19
93 33
93 55
94 S
941 36
94 42
94 55
94 49
95 7
95 11
95 11
96 2
95 48
96 50
96 59
97 3
98 19
97 41
98 49
98 15
99 18
99 3
99 52
99 2
99 31
100 34
100 44
100 46
100 37
99 34
101 44
109. Γ)

 

15”,47
1545
15,70
1564
1573
1540
1595
1588
16,12
16,04
16,20
1559
15,80
1606
1580
11717
11720
11709
1627
11730
15,91
16,00
16,24
1630
1658
1601
1641
16945
16,49
11755
16,86
11751
11751
16,78
16,79
(11702)
17,12
16,92
1702
17,17
16,81
1640
1700
17111

0811118 Banasvmzmn,

 

 

 

Tab. 13.
Beohter Epoche
Σ 185031
He 5088
D 51790
BOS 5005
Σ 5131
Smy 5190
Σ 5266
D ,3272
D 5256
Bes 5276
Smy 52,89
M 5293
5111) 53,ἓὸ
Σ 5369
Μ 53,71
Σ 53,8Ο
D 5385
Bes 5309
En 5415
Smy 5473
Ga 5478
Σ 54,83
Bes 5500
Smy 55‚54
D 55‚84
K [)5‚S9
D 56,OE
ΟΣ 5658
Μ 5659
D 50,ssss
M 5666
Sch] 5667
M 5674
D 57‚61
ΟΣ 57,67
ἰΙὶι 57,ὃὲ
Ja 5836
OE 5837
D 58,54
OS 59‚80
-Ja 5966
Smy 59,88
D 6084
ΟΣ 6086 ,

 

 

p 19020 χ

102041’
103 39
102 39
102 50
103 33
104 24
104 27
103 40
104 6
104 3
104 18
103 42
104 11
104 29
104 48
103 30
104 28
104 32
104 41
105 26
105 24
105 8
105 21
105 25
105 51
106 23
(107 59)
106 20
10646
105 1
106 15
107 22
106 13
107 1
106 25
107 6
106 41
107 14
107 40
108 2
108 19
108 4
(111 38)
109 1 ,

 

S

17”,33
1704
16116
1680
1746
1686
1752
1720
1740
1728
1697
1717
1795
17,77
1757
1706
1724
1768
1746
1732
1766
1745

1751
1738
1788
(1707)
1749
1781
1786
1791
1777
1864
1777
1800
1764
1724
1788
1778
1836
1819
1737
(18.81)
18117

 

 

ΒουΙιιεΓ

ΟΣ
D
101

 

 

