48 N. (1. DUNER„

Jahr. φ v ψ υ, 411
1887 (LOU 2,ss 33
1888 0,3 203 49
1889 0,4 ⁹230 24
1899 0,ss 1‚95 35
1900 O,3 214 :22
1901 053 210 19
1887 15,1 1538 311
1888 15,1 1,90 43
1889 15,0 204 24
1899 1511) 1,94 34
1900 14-‚8 1‚98 321
1901 14,8 201 19
1887 30,0 1,08 99
1888 30,0 1,07 51
1889 :30,0 1‚78 23
1899 302 1,Οὲ 34
1900 ἱ),0,1 1.77 25
1901 ⁹29,7 l,71 19
1887 453 1‚3O 32
1888 450 128 47
1889 45,0 1,Ξὸ 23
1899 44,9 183 34
1900 44,9 1,35 93
1901 44,7 120 17
1887 602 079 311
1888 59,9 0,78 46
1889 000 083 93
1899 1302 0,80 :37
1900 003 0,89 202
1901 59,7 0,73 17
1887 74,6 0,38 35
1888 74,8 0,44 47
1889 750 038 23
1899 7:3‚2 0‚33 37
1900 750 0,»53 94
1901 753 038 17

Aus dieser Tafel ergiebt es sich mit betrfiohssioloer Sicherheit,
dass in 11811 Gesehwindigkeiten keine benmrkenswertho Verfinderung
mit 11οΓ Zeit stuttgefunclen hat. Ν1111111ῒ1 man z, B. theils die Mittelzahlen
aus den Beobaehffungen in den ζ19111811 1887 bis 1889, 11113118 in den

Jahren 1891) bis 1901, 80 081101111111 1111111 1111· folgenden Mittelwerthe
dol· 1· -1- ι·,;

