58 N. C. DUNmz,

 

71:75⁰
1899 ⁷⁷ ÷ v, π 1 1901 v ÷ v, π
111111 14 2,06 740,ss 1 Mai 21 1,53 74“,9
,1 14 1,71 74,6 » 22 1,77 74,8
15 185 75,7 » 22 2,07 74,8
» 15 1,36 75,7 , » 23 1,96 74,8
» 24 1‚96 75,6
190⁰ » 26 229 74,7
Juni 1 279 74,6 27 1,43 74,6
1 11 1,66 75,1 ’ » 28 1,40 74,3
» 12 2,15 75,1 » 29 1,88 74,8
1 13 1,62 75,2 111111 5 240 75,0
» 18 236 75,2 » 7 1,69 75,1
,1111116 1,79 75,0 ¹ 10 1,65 75,0
» 27 1,85 75,0 ’ >s 15 1,80 75,1
,, 28 1,81 75,0 1) 21 1,94 75,4
2> 29 1,89 75,4
Aug. 1 248 75,0
7 2,13 75,0
71=600
1899 1: † r, π ³ 1901 z> ÷ vl π
ι111111 15 2,11 59⁰,ss Mai 20 1,36 60⁰‚6
» 15 1,84 596 1 , 21 128 595
w 22 1,63 59,5
1900 3 » 22 1,84 59,6
11111131 1,39 603 1 23 0,82 59,9
,11111111 1‚73 60,2 ¹ 24 098 60,0
12 201 60,2 » 26 1,74 59,6
» 13 206 604 » 27 1,34 58,1
,, 18 1,74 604 28 1,79 59,4
, 19 233 60,2 29 1,26 59,0
Juli 16 132 629 «Iuni 4 1‚37 59,9
» 27 ι,80 596 ’ 1 6 1,36 59,7
28 1,34 59,6 ’ » 7 1,32 59,7
» 29 234 60,3 » 15 1,64 60,4
Aug. 1 1,96 600 ¹ » 21 1,63 60,4
7 mo 60,0

 

