18 Ix'NUT 1111151111111

110115 1101110115 1111115 591111 (10 09 11111191111 110111 (191111119 (1, 1111195 (111(11 110115
1101110115 0111011191 (ᾗ), 001111119 (111115 09 (1111 111909(19. A 1“111(19 (19 09119,
11191110(19 j'ai 95511119 (19 11111191 195 (111591111110115 (19111 011995, 1111115 je (11115
11101191· (1119 19 1951111111 n'a 11115 019 1195 cneouragoant. Cela (19119110 511115
(101119 (19 111115191115 0110011511111095. Β’1111(11(1, 11 111111 1·9111111(11191 (1119 ὃ (1011
9119 (10111111 d'nm¹ expression 0011191111111 111 101151011 (19 111 111ρ9111 (191111 f7 91
111 511111105111011 (1119 f 19519 00115111111 (111115 101119 1111111051111919, (19111115 111
(19191-111111911011 (19 (3, ,1115111111 09119 (19 (33, 119 59 19111159 (1119 1195 11119-
1119111. En 19111110119, 110115 51110115 (111911 9,·91191111 [(’1111311191119 (111115 11111195-
1111111, 91 09111 9111111119 911 11111119 110111(11101 195 1’11191115 (1911111195 110111 (1
911 11111111111 (19 1’(’1(1111111011 01-(1955115 5011111011111111195. De 111115, 09119
11191110(19 demando 11119 exactitude 1191111001111 111115 grande (195 constantes
(1119 09119 (1111 59 1119591119 (11111519510111111195 1101091195. La 1019 (1119
110115 111(11(ῑ1110115 ici 110111 11111191· (195 011591111110115 (19 111 radiatim] 1011119
1119. 591111119 (ligne (1“1111 (1919101111911191111 11119119111.

V. 39511019 et amffliorations dizsirables de la 0191110119.

1195 1119001191115 011101115 50111 1111111191191119111 1111595 5111· 111 51111110-
5111011 (1119 195 1111111110115 (19 la 1·11(111111011 50111119, (111115 Sa 001111105111011
11015 (19 191111051111919, 119 511111 (1119 11ὺ5 111111195, (19 50119 (1119 19 51190119
50111119 (1’1111911511(’· 001151111119 garde 5011 (1111101019 3911911111. Α l'aide (19
095 09101115,11(1115 1110115 (10110 111011119 0111111119 11 951 1105511119, 911 59 591-
111111, (1’1111 51190119 (1’11119115119 0011511111119, (19 11011191 11119 expression
511111119 110111· 1’111111191109 (19 111 (11111151011 5111 111 111(111111011 50111119 011 5111
11119 11111119 1111111911 (11191001111119. Nous 1110115 1111111111119 09119 1011111119 11
11119 11191110119 1111111 exennium* 11111 (195 111111911Χ 111150111111115 1111911111119
111111199 (111 51190119 50111119 91 911 (19(11111·9 1“11119115119 (19 09119 partie 11 111
11111119 (19 1’11111105111191·9, 91 1111115 1110115 vn (1119 995 011591111110115 110115
font 1111551 (111111111119 111 (19115119 191111119 (19 la 00110119 (1111115111119 (19 rat-
111051111919. Do 111115, (195 0115911-11110115 5111111111111995 (19 111 radiatim]
1011119 91 (19 111 radiatim] 1111115111159 11111 19011111 bleu-violet7 110115 0111
119111115 (19 (1919111111191 111 001151111110 50111119 110111· 111 radiatim] 1011119.
Ε11511119, 110115 1110115 95511119 (111111111111101 195 19511111115 0111911115 aux ob-
servations 0111191100](3111111195 01(1111111195, (1119511011 importante, parce (1119
09 50111 195 5911195 (111591111110115 (1111 1111]0111(1’11111 50111 9119001995 5111 11119
grande 90119119.

Les recherches 1199955111195 110111· auglnenter la valeur 111111101119
(19 09119 11191110119 sont: 1⁰ 11119 191151011 (195 0091110191115 (1911111151111551011

