⁸4 OSTEN BERGS'rRAND,

 

 

 

 

 

 

 

 

 

 

 

l laste Ι11 - 4 η — η ιι (ξ - ξηιγ, (η ”“ ⁷)m)'⁷ v υ,
r —
1 15 Ι 0 0 (1”,00 0”,00 1 0”,01 1 1 0,”06
1 10 10 1 7 1 012 ’ 1 014 1 010 11 009 =
1 17 1 3 1 4 1 0,0ss 1 1008 1 004 1 1 003
19 1 1 1 4 1 002 1 008 0,00 g 1 012
19 1 1 1 3 1 002 1 006 - 006 , 1 0,03
⁴20 O 1 3 0,00 ¹ 1 0,0(3 1 0,02 4 1 0.05 ,
1 21 ³ 11 1 2 ,1 002 1 004 0,00 11 005 ⁴
1 22 1 1 1 1 1 1 1 002 1 002 0,00 1 1 001
1 23 ’ 0 1 , 0,00 1 1002 1 002 1 1 0,(12
1 24 1 1 3 1 2 1 1 0,00 1 004 1 007 1 004
25 1 1 3 - 8 -- 006 1 017 1 007 1 014
Ι 26 ¹ 1 2 1 G -1 004 1 012 1 002 1 010
¹ 27 1 3 1 3 1 1 006 1 0,0ss ,— 007 1 1 004
28 1 4 1 7 · 1 008 1 014 1 0,0ss 1 1 013
1 29 1 1 1 1 1 “ 1 002 1 002 0,00 1 0,00
4 30 1 3 1 4 1 0,06 1 0,08 1 Ο,Ο4 1 1 0,09
1 31 1 1 1 4 1 002 1 1 0,0ss - 0,04 1 1 003
, 92 1 1 2 1 2 1 1 004 1 1 004 1 003 ¹ 1 008
:53 1 2 1 1 1 004 , 1 002 1 005 1 0,02,
34 1 3 1 3 1 1 006 , 1 006 1 005 ’ 1 002
35 1 4 1 3 1 1 0,0ss j 1 0,0ss - 007 1 002
911 1 9 1 4 1 1 0,0ss ἱ 1 008 1 0,0ss , 1 005
:w 1 1 0 1 1 002 1 0,00 1 001 1 1 005
99 1 4 0 4 1 008 1 0,00 1 009 1 1 003
:w 1 1 1 4 4 1 002 1 1 008 0,00 1 1 007
411 1 1 7 0 11 014 1 0,00 1 012 ’1001
41 1 1 0 1 1 002 ¹ 0,00 1 004 1 1 002
42 j 3 0 ¹ 1 0,0ss 4 0,00 - 008 ’ - 002
43 1 1 1 3 1 0,02 1 1 0,Οὸ 0,00 1 1 0,04
44 ι (1 1 9 ¹ 0,00 1 1 019 1 002 1 1 017
45 0 1 4 1 0,00 1 1 008 1 003 1 1 004
40 1 7 1 s 1 1 014 1 1 017 11 010 2 1 009
47 1 2 1 2 1 1 004 1 1 004 1 009 1 1 007
48 11 1 9 4 † 0,02 ¹, 1 Ο,19 141 0,03 1 Ο,11
49 1 5 1 2 ¹ - 010 ¹ 1004 ¹ 1 009 1 004
511 1 5 1 1 5 ’ 1 010 1 010 ¹ 1 011 1 002
51 11 1 1 1 1 7 1 0‚02 1 0‚14 1 0,03 1 0,07
52 1 1 1 3 ³ 1 002 1 0,00 1 001 1 011
53 11 1 1 1 1 0,00 1 002 1 002 1 007

 

 

1⁴:110 ioh zur Ausgleichung der gefundenen VVerte von Ξ 1 ξω und
111111Π, sehrciffv, will ich (1ἰο Bedingungsgleichungen in ihrer allgemein-
stou Foru] geben. Diese Gloichungen laSSen sich so schreiben:

111 1» 111-19021114111 P 71÷ B 11191(ξ1“ξ,,,) 1 0;
121 ‘¹‘ 111 (ί 1 19()2.1))„(1c' 111 ΡΤι 11- B' δβ -1- (η .-’ qm) = Ο .

