 

 

 

 

 

 

20 s1STEN BERGSTRAND‚
“ ι
Plane Stern X Y :v y B e m e 1· k u n 'g e n
2 ιι 33‘,9199 13¹'‚9729 —9⁵,5903 —021646
9157 14,Ο963 5896 1655
9146 1810 5884 1661
9111 2817 5889 1648
Ι) —- 242719 - ÷10,1344 X-Strich stboend. X nicht messbar.
42,0024 3953 1,5Ο29 1335
0010 4800 5020 1329
41,9986 5811 5014 1346
r· 44,4954 4,76Ο9 † 0,9852 ξ9,·3766
4909 8843 9856 3775
4887 9700 9857 3771
4861 5,0705 9861 3760
ιΙ 48,8878 12,2929 4( 5,3776 ῌ1,8446
8833 4167 3780 8451
8809 5013 3779 8458
8777 6012 3777 8453
61Ι 4»ἰὲ,31 15 14,1506
3116 1986
3072 2604
3068 3113
612 43,3893 1470992 † 00778 —0,0514
3884 1472 0768 0514
3844 2079 0772 0525
3838 2594 0770 0519
α 33,7215 13,9833 u 9,5900 -0,1673
7195 14,0311 5921 1675
7149 0923 5923 1681
7143 1429 5925 1684
I1 41,8067 24,2849 -1,5Ο48 ÷10‚134.3
-— — ψ - Fleckehen swrend. Stern nichtmessbar.
8021 3932 5051 1328
8019 44 49 5049 1336
c 413959 4,7712 499844 ῌ9,3794
2956 8192 9840 3794
2916 8798 9844 3806
2907 9316 9839 3797
d 48,6876 12,3Ο41 † 5,3761 -1,8465
6871 3523 3755 8463
6829 4123 3757 8481
6826 4640 3758 8473

 

 

 

 

 

 

