 

50

Plano

53

 

smm]

(l

b

(Ι

6η

612

1!

b

d

 

X'

33st6211
6243
6244
6263

42Ᾰ492
1514
1518
1527

43,7864
7892
7886
7917

48,5028

5047
5078

432607
2647
2852
2866

43,3555
3598
3662
3626

33,62Ο3
6240
6245
6256

425266
1296
1366
1312

436063
8113
8114
8124

48,5067
5113
5115
5123

 

Usme BERGSTRAND‚

Υ

1426250
3310
4054
4720

24,1051
2716
3447
4126

4,5020
6686
7428
8093

11‚8379

12,ο767
1446

133751
14,1535
2378
3154

13,9172
146956
1807
2586

14fl494
3266
4125
4964

24ᾹΟ67
2864
3709
4489

4,5066
6675
7724
6502

118543
121526
1177
1956

 

 

(C

—926595
6589
6590
6590

—l.13l4
1318
1316
1326

÷0,5058
5060
5052
5064

452222

2213
2225

4ορ748
0751
0750
0754

Ἲῖ9,(3604
6607
6607
6610

n1st539
1551
1546
1554

÷(Q525G
5266
5262
5258

452260
2266
2263
2257

 

Ἠ

÷021968
1958
1962
1060

÷10st367

1364E

1355
1366

ἶ94664
4666
4664
4667

ᾇ2,1305

1305
1314

ΫΟὩ579
0579
0571
0568

44ᾊ1743
1745
1747
1750

†10A316
1329
1331
1335

—9Assss5
4660
4654
4652

ἠ2Ᾰ208
1209
1201
1198

 

 

 

———-———

Bemerkungen

{RStrhss1st5rend. Sternrfichtlnessbar

