24 OSTEN BERGSTRAND‚

 

 

Platte Stern* X Y ω 1 y Ι Bemerkungen

9 911 1 4324635 1421091 1
. 4909 1733
4534 2490
4541 3223

612 43,5403 14‚0574 ÷0¹'‚07sss —01'‚0517

 

5381 1268 0775 0515
5347 1973 0753 0517
5316 2718 0775 0510
a 33‚8(i4l 139222 ἡ9,(5994 *0,1869
8617 9915 15989 1868 Ῡ-811·11τ11 3ῑὶ’11-01111.
8582 14,0619 6002 1871

8557 1367 5984 1861 ᾖ

Ι) 41‚9378 942306 μ1,’52’57 ÷10,1215

 

 

9351 2999 5255 1219,
9329 3709 5255 1219
9232 4459 5259 1223
‹- 444499 49233 109355 -κ93303
4490 7974 9354 3399
4432 3939 9343 3319
4395 9429 9354 3799
d 43,3298 12,2951 15,3993 -1,3449
3299 3345 3993 3433
3249 4053 3955 3432
3211 47931 3970 34391

 

 

19 91Ι 435533 149992
5543 2353
5510 3043
5493 3739

612 43,6348 14‚11S3 4(J‚O7(i{› -0,0=.†›09,

9315 1343 9797 9515’
9237 2523 9777 95151
9233 3222 9779 05171

a 33,9584 ]3,9852 -9,5999 -O‚1S40

9531 1470530 6017 1828 Y-Strich sim-end.
9518 1217 5992 13213
9459 1914 6009 1825

1
h 4211397 242871 --1,2·›1S13 «11011791
0:370 3555 5178 1197
0335 4225 5175 1182
0280 4927 5188 1188

 

 

 

 

 

 

 

 

