So* 0οΤοΝ BERG sTRAND,

 

 

 

 

 

 

 

 

 

Plane t— 10020 P Ρ , Β Β’
, ’ 1 ¹
0 4 1,70 4 070 4 033 ² 4 002 4 075
10 4 1,03 4 004 4 030 4 000 4 1,15
11 - 1,03 4 004 4 030 4 070 - 0‚85
12 4 1,02 4 004 4 030 ÷ 4 070 4 004
13 4 100 4 000 , 4 001 ἒ 4 021 4 044
4 14 4 1,37 4 024 ; 4 077 4 022 - 044
15 4122 4 007 4 010 4 017 4 042
10 -1,10 4 005 4 012 4 030 4 047
17 4 1,14 4 004 4 020 4 034 4 050
10 4 1,00 4 077 s 4 000 4 040 -- 054
10 4 004 4 017 ¹ 4 002 ᾗ 4 002 4 1,03
20 , 4 001 4 000 4 053 j 4 000 4 082
21 4 000 4 0,οῡ 4 002 4 000 4 004
22 4 000 4 005 4 002 4 000 -- 079
23 4 004 4 000 4 020 4 003 4 070
¹ 24 , 4 004 4 000 ff 4 020 4 001 4 073
4 25 1 4 034 4 030 1 4 071 4 000 4 040
20 ῑ 4 032 4 000 4 004 -- 020 4 040
27 - 023 4 000 4 022 4 003 1 4 040
20 4 010 4 004 4 000 4 020 4 047
29 ,, Ovlss 4 095 ff 0,14 — 020 4 Ο,43
30 j 4 012 4 003 4 032 - 027 1 4 040
31 4 000 4 020 3 4 003 ζ 4 070 ÷ 4 002
1 32 4 027 4 007 ¹ 4 020 ¹ 4 002 ’ 4 074
, 33 3 4 030 4 004 4 004 4 4 000 4 070
3 34 5 4 030 4 004 4 004 4 057 4 000
ζ 35 4 036 4 096 ἶ 4 0729 ÷ 0‚64 — 0‚77
:36 4 036 ¹ 4 0913 ’ 4 029 T 4 O,57 — 0,ss9
:37 4 030 1 4 003 4 030 ¹ 4 001 4 073
¹ 30 4 030 ¹ 4 003 4 030 3 4 007 4 000
30 4 004 4 020 p 4 075 3 4 007 4 040
40 4 000 4 004 ¹ 4 000 4 017 ' 4 042
41 4 001 4 003 4 001 4 004 1 4 040
’ 42 4 001 1 4 003 4 001 4 000 4 040
ἶ 43 4 4 004 1 -- 000 2 4 014 4 000 ’ 4 040
44 1 4 000 - 004 4 024 4 4 015 ¹ 4 042
43 , 4 003 4 001 4 000 , 4 030 4 052
10 4 1,(10 ¹ 4 022 4 002 4 000 , 4 004
1 47 ³ 4 10) 4 001 - 001 ¹ 4 084 2 — 1,07
40 1 4 1,33 1 4 007 ἶ 4 014 1 4 004 ‚ — 077 1
49 4 1,;ἰι”) 4 096 4 024 4 Qu& ἵ - Ο,79
’ 50 4 135 Ἰ 4 000 4 024 4 000 4 072 ¹
231 1 4 130 4 002 ¹ 4 042 4 007 4 000
02 2 4 107 4 044 4 000 4 010 4 040
53 1 4 1,73 4 072 4 042 4 007 4 040

 

Ich 13011οᾗ 111111 dazu Uber, (110 vorsehiedenen nmglichen Annah-
111011 2111· Ausgloiehung 11ον 1100110011101011 Differenzen ξ- ξω und η - ’lm
zu priiscn. Zuniicllst bomerke 1111111 111 dieser Hinsioht, dass 1110 Werte

