[²ssssss DIE ROTATION ΗΕΒ Soxmz. 37

1568 [t ψ ι’, π 1ιῖ81) ι’ † ι’, π
duni *21 1513 75⁰,0 ιΙιιιιί 15 *2:21 75⁰‚0
22 1514 75⁴3 2 16 2,(14 75‚0
22 1,41 743 2> 17 224 74,7
24 1,(ζ15 75‚0 » 18 *240 74,ῑ1
24 1139 75,1
> 25 1,(311 751 169&
211 1,75 7471 Aug. 15 1,71 750
» 27 1‚50 7:›,l ἡ 15 14.) 7511
Juli 16 210 74,8
20 155 75,3 1899
20 1,(34 7411 Juni 28 2,(111 750
21 223 75,1 Juli 5 175· 75,2
» 27 2015 74,7 -» 6 239 75‚4
Aug. 1 1,83 74,9 10 1,97 73‚6
υ 3 226 73,5 11 2.17 751)
3 1‚70 74,4 »f 12 1,01 75‚4
4 216 750 13 1,77 75,2
7 1‚77 74,9 »s 14 1‚4‹; 74,9
7 1,79 74 (1 2> 15 2011 74,1
11 1,95 74,9 » 16 184 74,9
12 9.,11 75‚0 >2 17 1,87 75,1
21 2,12 75,2 » 18 1‚70 74,9
υ 19 206 74,7
1669 , 2ο 1,34 75,0
Mai 23 2,(15 74,8 21 1,7<5 75AE
» 24 2,11 74,7 22 2,(13 75.0
24 207 74,«.ι 24 216 75,1
25 1,87 75.1 25 213 75,1
28 LOU 74‚7 2ss 2112 74,7
Juni 2 1‚70 74.7 27 1515 749
2 nso 75,0 28 1531 74ss
3 216 7415 30 2,(15 752
4 2,(10 749 Α 31 178 74‚9
4 lm» 751 Aug. 2 2,(12 7411
5 :kls 752 -, 3 2117 74,5’
11 2,(14 75,7 4 1,33 74ss
7 1,89 74‚8 5 1511 74,7
7 2,14 750 a 15 2,(12 745
ὃ 1117 74,ῡ . s 1,97 74,7
11 1,811 751) >, 9 1,97 74>
13 202 755 14 2,13 73,ss
14 1419 74‚7 v 15 mo 74,9
11 2,1υ 7511 ι» 10 233 745
15 2,υ7 752

