 

‘UNTERSUCHUNGEN UBER DASJDOPPELSTERNSYSTEM 61 CYGNL

39

 

Platte Stern

 

 

34 οῃ

612

d
35

οη

012

 

 

 

11117

4322952 1422188

2925
2904
2894

433723
3694
3674
3661

335590
6570
6537
0531

41,7622
7597
7577
7565

44,2184
2153
2132
2120

48ss224
6198
6174
6167

433790
3770
3736
3717

43A561
4545
4504
4483

33Π421
7393
7358
7330

41,8400
8439
8400
8379

 

2849
3524
4278

14Ᾰ655
2318
3001
3753

14‚0205
0901
1635
2381

943173
3832
4521
5270

4,8041
8700

9384*

123300
3974
4038

5387

14,2088
2813
4192
4940

14Λ560
2286
3664
4407

μμο187
0908
228ss
3037

243062
3798
5174

5924=

Ρ

 

1
1
ι

v

 

 

†020771
0769
0770
0767

μ9,(»350
ἓῗέῗῗ
Ι. ὶ
0303

ψ1,5330

5328

5327·
53:29¹y

†1192324
9228

9228
9226

353272
3273
3270
3273

ψίῃΟῖῦὃ
0775
0768
0765

-95375
6577
0378
6387

--1‚5330
5331
5336
5338

y

—020533
0531
0533

0525

-οᾹ893
1888
1889
1897

÷100935
0983

09973
0992,

ἶ9,4Ι47;

4149
4140

μ1,8888
8875

88861

Ι Bemerkungen

 

 

1151sh41 εἱόγοιυῑ, Ῐ’ nicht n1055bnr.

 

33911

-410533
0527
0528
0533

-οᾹ9ΟῙ
1905
1906
1903

 

 

41009741
00351
0982
0984ῚῚ

 

