(58 (⁰)STEN B Effl‘zs'l'RAND,

 

 

 

 

 

 

 

 

 

Tab. 5.
Ans a, (l Ans b, c
Plane W γ &Q ff ff --Jjffifflff ff ⁷⁷3 .-2, ψ 103' L
'l'1 1⁰3¹ L! Ψι Ῑυὲ L2 ¹
1 † 1(’37’22” 2940454 4103017 2940304 4 1030’49” 2940379
2 1 38 23 940339 1 37 23 940259 l 37 53 940324
3 1 :³8 32 940398 1 37 33 940325 l 38 2 940301
4 1 30 21 940423 1 35 31 9 40314 1 35 50 940308
5 1 38 30 940400 1 37 55 940290 1 3815 540343
0 1 41 41 940424 1 40 58 940273 1 41 19 940348
7 1 30 14 940414 1 35 33 940201 1 35 53 940337
8 1 42 24 940405 1 41 21 940279 1 41 52 940342
9 1 42 51 940340 1 42 2 940223 1 42 20 940284
10 1 4015 940343 1 39 4 940230 1 39 39 940292
11 1 41 18 940350 1 4015 940227 1 40 40 940291
12 1 37 24 940343 1 30 0 940202 1 30 42 940272
13 1 40 27 940394 1 39 24 940279 1 39 55 940336
14 1 39 0 940453 1 37 53 940317 1 38 20 940385
15 1 3057 940411 1 29 48 940290 1 30 22 940350
10 1 32 41 940410 1 31 31 940291 1 32 0 940350
17 1 32 44 940357 1 31 29 940292 1 32 0 940324
18 1 30 25 940415 1 35 18 940284 1 35 51 940349
19 1 38 33 940398 1 37 25 940203 1 37 59 940333
20 1 37 20 940410 1 35 59 940323 1 30 39 940372
21 1 31 40 940404 1 30 20 940200 1 31 3 940335
22 1 35 19 940392 1 33 57 940205 1 34 38 940323
25 1 34 57 940342 1 33 30 940212 1 34 10 940277
24 1 35 1 940359 1 33 53 940230 1 34 27 940295
25 1 30 30 940379 1 29 25 940200 1 30 0 940322
20 1 30 43 940400 1 29 30 940272 l 30 0 940336
27 1 3050 9403δο 1 29 45 940255 1 3020 940317
23 1 43 25· 940397 1 42 11 940287 1 42 49 940337
29 1 52 54 940370 1 51 55 940272 1 52 24 940324
30 1 29 23 940454 1 23 31 940355 1 28 59 940404
31 1 34 10 940470 1 32 58 940300 l 33 234 940421
32 1 27 25 940420 1 20 1 940235 1 20 43 940355
33 1 31 32 940339 1 30 9 940297 1 30 50 940343
34 1 33 23 940399 1 32 12 940205 1 32 50 940342
35 1 33 24 940435 1 32 3 940314 1 32 43 940374
30 1 39 52 940395· 1 38 34 940292 l 39 13 940345
37 1 2923 940411 1 28 5 940290 1 23 44 940353
33 1 32 40 940420 1 31 33 940279 1 32 9 940352
39 1 30 53 940474 1 35 42 940354 1 30 17 940414
«40 1 1321 940413 1 12 8 940309 1 12 44 940301
41 1 1514 940420 1 13 51 940299 1 1432 940359
42 1 17 47 940402 1 10 30 940329 1 17 S 940395
43 1 1225 940449 1 11 0 9403οδΙ 1 1142 940373ι

 

 

 

 

