16 N. C. DUNER,

18004- O — Ω , wie siit-p und O — Ω sind. Folglioh braucht man auch nicht
die Werthe π —p fiir· Werthe von 27 , die zwischen 900 und 180⁰ liegen,
besonders zu bereelmen. Es gemigt folglich, 71—·p fiir die Werthe
von p zwischen 0⁰ und 90⁰ und fiir Θ - Ω zwisohen 00 und 180⁰ zu

berechnen.
Nach Spe‘mmz ist nun fiir 1900,0: Ω = 750,0 , i= 7,0. Hier-mit
erh‘a'lt man die folgenden Tafeln:

Tafel 11, Werthe von π —p.

 

Θ-ςι

p ‘¹ Ρ
00 100 600 300 400 500 600 700 80⁰ 90⁰ ¹

 

0⁰ 070,0 070,0 0 700 0700 0700 070,0 ÷70,0 47⁰,0 ÷7⁰‚O ÷7⁰,0 0⁰
1 07,0 07,Ο 06,9 06,9 06,8 06,7 06,6 06,4 06,2 06,1 1
2 07,Ο 07,0 06,9 06,8 06,6 06,4 06,2 05,9 05,6 05,3 2
3 07,Ο 07,Ο 06,9 06,7 06,5 06,2 05,9 0 5,5 05,1 04,6 3
4 2 07,Ο 07,Ο 06,8 06,6 06,4 06,Ο 05,6 05,2 04,6 04,1 4
5 , 07,0 07,Ο 06,8 0 6,6 06,9» 05,9 05,4 ! 04,9 04,3 03,6 5
6 07, O 07,Ο 0 6,8 06,6 06,2 05,8 05,3 04,7 04,Ο -03,2 6
7 0 7 ,O 06,9 06,8 06,5 06,2 05,7 05,1 04,5 03 7 02 ,9 7
8 07,Ο 06,9 06,8 06,5 06,1 05,6 05,Ο 04,3 03,5 02,6 8
9 07,0 06,9 06,8 06,5 06,Ο 05,5 04,9 04,1 03,3 02,4 9
10 07,Ο 069 06,7 06,4 06,Ο 05,4 04,8 04,0 03,1 02,2 10
15 07,Ο 06,9 06,7 06,3 05,8 05,2 04,4 03,6 02,6 01, 5 15·
20 07,0 06,9 06,7 06,9) 05,7 05,1 04,2 03,3 02,3 011 20
30 07,Ο 069 06,6 t 06,2 05,6 04,9 04,-Ο 03,Ο 01,9 00,7 30
40 07,Ο 06, 9 06, 6 06,2 05,5 0 4,8 03,9 0 2,8 01,7 00, J 40
50 07,Ο 1 06,9 06,6 '³ 06,1 05,5 04,7 03,8 02,7 01,6 οΟ,4 50
60 07,0 06,9 06,6 06,1 05,5 04,6 03,7 02,6 01,5 οΟ,3 60
70 07,0 06,9 06,6 06,] 05,4 04,6 03,6 02,5 01,4 οΟ,2 70
80 07,0 06,9 06,6 06,] 05,4 04,5 03,” ο 02,4 01,3 00,1 80
90 07 ,0 06, 9 06,6 06,1 05,4 04,5 03,5 02,4 01,2 0,0 90
100 07,0 069 06,6 06,1 05,4 04, .› 03,5 02,3 01,2 -Ο,1 100
’ 110 07,Ο 069 06 6 06,Ο 05,3 04,4 03,4 02,2 011 -0.2 110
120 0 7,0 06, 9 0 6,Γ .› 0 6,(’1 0 5,2 04,3 03,3 02,2 01, O 00,3 120
130 0 7 ,O 06, 9 06,5 06,0 ¹ 4523 ÷4,3 03,οΣ 0 2,1 οΟ,9 οΟ,4 130
140 07,0 06,9 06,5 05,9 05,1 04,2 03,1 01,9 00,7 00,5 140
150 0 7,0 06, 9 0 6,5 0 5, 8 05,0 0 4 ,0 02,9 01,7 00,5 —0,7 150
160 5 07,Ο 06,8 06,4 05,6 04 7 03,6 02,5 01,2 0,Ο --1,1 160
165 07,0 06,8 06,3 05,4 04,4 03,2 02,Ο 00,8 -00,4 -1,5 165
170 07,0 067 056 04,7 036 ’ 033 01,1 0,0 u1,1 —1,2 170
171 07,0 066 05,6 04,4 03,2 -02,0 · οΟ,8 -2O,3 —l,4 -2,4 171
172 07,0 06,4 05,2 04,Ο 02 ,8 ι 16 004 —O,6 01,6 μ-2,6 172
173 07,0 05,8 ³ 04,6 03,4 02,2 01,1 Ο,0 »-1,1 -2,0 ῌ2,9 173
1 174 05,Ο 04,5 03,5 02,5 01,5 00,4 ---0,5 -1,5 -2,4 0-3,2 174
, 175 03,0 02,7 02,1 01, 3 10,5 0,4 Ἰ 1,2 2,1 2,9 3,6 175

 

 

 

 

 

 

 

 

 

 

 

 

 

 

 

