34 N. C. DUNssR,

71 = ,000

1887 ‘v ÷ v, π s 1888 v ψ v, π
Juni 3 333 3001 1 Ma1022 2,ορ 89⁰‚5
3 1,97 837 22 211 90‚0

4 1,92 88 “) Χ 23 1,.90 89,6

> 11 Ἷ,29 828 1 23 1,79 89,9
13 229 000 024 15³2 90‚0

10 2‚1S 39,0 , ⁹29 207 89,4

23 206 89,4 Juni ss 1‚88 89,9

24 2 13 824 0 1,80 829

25 2 4 ' 89,ss 12 1,99 9Ο,Ο

29 2 21 829 13 201 829

> 30 2‚04 88,8 13 1,81 89,2
Juli 1 192 335) 20 2,οι 893
2 206 825 21 1,82 89,7

3 1,80 826 21 208 89,0

» 8 201 820 22 249 824
12 1,91 86,3 24 1,88 822

13 204 89,6 24 201 829

14 202 89 3 25 1.92 828

22 194 82) 20 185 829

23 1,81 828 ι 27 1,72 824

23 3,οο 397 Juli 16 237 899

26 210 90,0 ’ 20 236 822

20 240 90,0 20 223 90‚0

27 231 89,9 21 1.97 89‚8

28 211 828 25» 204 90,0

30 21ss S9‚6 27 214 89,1

30 0221 89,ss 23 2,ss 89,7

ψ» 31 1,94 330 Aug. 1 14⁸7 39‚9
Aug. 4 220 898 - 2 200 90‚0
o 239 89,7 3 200 89,9

) 2 00 9Ο,0 3 1,.98 827

b 1,97 882 4 210 89,4

0 2:29 300 7 225 897

7 wo S9‚8

1888 a 1.¹.›6 392
Mai 5 228 89,4 11 1,95 828
¹ 10 1,οκ 000 12 1,07 900
» 12 225 899 12 1,80 89,9
v 11³. 1,98 89,8 13 208 90,0
19 239 8243 20 215 90,Ο
10 219 3οη.) 20 2,ρὸ sem
» 20 210 899 21 200 829

