108 (ὶείῈΝ BERGSTRAN Ι),

 

 

 

 

Tab. 15
ξ-ξηι

Plane Stern a Stern b Stern ο Stern cl Mittel
1 — 1 4 6 4 8 4 4 4 4
2 415 414 418 415 415
3 425 417 424 415 420
4 4 24 412 4 26 4 20 4 20
5 4 24 417 4 30 4 22 4 23
C 413 410 4 22 417 415
7 417 418 4 32 4 22 4 22
8 416 416 419 414 416
9 416 --ψ 13 O 418 412
10 411 412 414 413 -- 13
11 411 4 5 4 1 4 9 4 7
12 419 4 6 414 --14 4135
1‘3 4 9 410 415 4 7 410
14 4 3 4 o 4 7 4 6 4 5
10 4 2Ο’ 418 419 419 419
16 416 4 20 4 21 416 418
17 422 41] 417 411 416,-1
18 413 418 419 414 416
19 4 4 4 9 ÷ 8 4 3 4 6
20 45 4 8 414 -- 10 — 9⁵
21 4 18 12 414 415 415
22 417 413 422 413 417
23 415 412 419 413 415
24 414 415 — 14 413 414
25 410 4 9 411 4 9 4 95
26 4 3 4 3 0 415 4 5
27 4 9 413 412 410 411
28 412 415 412 4 8 4115
29 413 412 418 4 9 413
30 419 410 418 419 416
31 4 9 4 9 4 6 4 8 4 8
32 421 421 428 417 422
33 418 419 426 425 422
34 419 420 423 420 421
35 4 23 419 4 27 4 23 4 23
36 4 21 4 23 4 28 4 26 4 25
37 422 415 421 -22 420
38 4 20 414 417 414 4 165
39 4 5 4 4 4 4 4 5 4 4
40 4 7 412 410 4 4 4 8
41 410 413 4 4 4 9 4 9
42 4 7 411 4 7 4 9 4 8
43 4 6 411 4 4 411 4 8

 

 

 

 

 

 

 

