46

Pmsse

45

46

47

 

 

Stern

C

(l

6η

612

d

611

612

 

 

λ’ a Υ
4422779 522502
2767 3179
2753 3816.
2740 4464
48,7292 12,7485
7273 8171
7267 8805
7253 9463
43,4130 14,6751
4107 7536
4108 8201
4093 8892
434904 14β214
4887 7003
4885 7668
4864 8359
33,7640 14,5216
7620 5999
7624 6662
7607 7364
41,9112 24,7728
9091 8513
9082 9175
9067 ——
442874 &2461
2850 3240
2856 3909
2833 4608
483229 127529
7213 8310
7208 8964
7185 9671
438696 14Α670
3675 5513
3668 6373
3651 7206
434461 144124
4447 4978
4432 5837
4417 6661

 

'OsrrEN Bsssssjs'rRAND,

 

 

 

sb*

÷0st8577
8577
8580
8575

ψ5309ο
3953
3094
3099

44λο774
0780
0777
0771

ἡ9,(3490
6487
6484
6486

-1,5Ο18
5016
5026
5026

408744
8743
8748
8740

453099
3106
3100
3092

4410765
0772
0764
0766

 

—O‚0537
0533
0533
0533

-04535
1537
1539
1593

÷109977
0977
0974

-93990
4996
4292
4931

-1‚9222
9226
9237
9221

-110546
0535
0536
0545

Bemerkungen

Y-Strich εἰῶ-91111. Y nicht messhar. ¹

 

 

 

 

 

