 

Plane

39

40

 

fflem¹

011

012

eh

51²

(6

 

,Χ

4353454
3436
3423
3414

43,4224
4210
4199
4191

333031
7020
7002
0990

4μ7909
7954
7943
7930

44,2756
2745
2724
2720

48,6726
6707
6690
6688

43Α309
4359
4350
4344

43,5110
5129
5120
5119

33,7930
7929
7928
7935

41,95SO
9508
9557
9551

 

ὒεΤΕΝ BERGSTRAND,

Υ

1421877
2571
3192
3729

14,1340
2040
2664
3194

139845
149534
1158
1688

242815
3506
4139

4000ἰ

416541

8352
8967
9508

122981
3668
4287
4823

14,3007

3013“

4240
4901

142466
3079
3704
4362

14,1623
2232
2860
3517

24,4030
4637
5269
5932

 

 

.Ίῖ

4020770
0774
0776
0777

-96420
6416
6421
6424

ῌ1,5485
5482
5480
5484

409302
9309
9301
9300

÷53272
3271
3277
3274

÷OxW77
0770
0776
0775

-9ss439
6430
6422
6409

--1,4789
4791
4793
4793

 

 

9

-020531
0531
0523
0525

ἶ0,(2032
2035
2034
2041

1100933
0935
0917
0937

νᾶζ4223
4219
4225
4221

-1,8896
8903
8905
8906

-110541
0534
0530
0539

β0,1384

1331ἢ

1380
1384

÷1OAO23
1024
1029
1031

 

 

Bemerkungen

